7.283833
3.013108
3.265347
3.013375
3.097054
4.058562
3.092909
3.222136
3.172388
2.985401
3.113448
4.238224
3.088365
2.927020
3.000971
3.110386
2.923944
2.999459
3.036177
2.982122
2.960250
3.286553
3.001157
2.987599
3.011696
3.010585
2.926094
3.017491
2.973851
2.921545
3.001466
3.098904
3.468635
2.899318
2.937354
3.980843
3.236748
2.880134
2.919670
3.166722
2.878477
3.875004
2.937860
2.970763
3.047755
3.034578
2.965460
4.217872
3.105050
2.987961
3.102261
2.964225
2.958884
2.981237
3.060921
2.916228
3.218503
3.003813
2.931191
2.990966
3.021230
2.919245
2.980260
2.976262
2.928802
2.973326
2.963699
3.003542
2.908292
2.952753
2.917452
2.877512
2.940359
3.020950
2.888308
2.957492
2.881532
2.875932
2.885590
2.880412
2.877074
2.893290
2.881334
2.876196
3.061018
2.890023
2.876245
2.892177
2.880843
2.877513
2.880749
2.889837
2.877333
2.979680
2.980936
2.880368
2.893006
2.927496
2.877227
2.895397
